(| Estado:
 (((0 0 0) (0 1 1) (0 1 1) (0 0 1)) ((0 0 0) (0 1 0) (0 1 1) (0 1 1)))
 | Profundidade:  2 | Nós gerados:  1671 | Nós expandidos:  118 | Penetrância:
 2/557 | Tempo demorado:  2 | Pai:
 ((((0 0 0) (0 0 1) (0 1 1) (0 0 1)) ((0 0 0) (0 1 0) (0 1 1) (0 1 1))) 1 2
  ((((0 0 0) (0 0 1) (0 1 1) (0 0 1)) ((0 0 0) (0 1 0) (0 0 1) (0 1 1))) 0 0
   NIL 3)
  3)
 | Caminho:
 (((0 0 0) (0 0 1) (0 1 1) (0 0 1)) ((0 0 0) (0 1 0) (0 0 1) (0 1 1))
  ((0 0 0) (0 0 1) (0 1 1) (0 0 1)) ((0 0 0) (0 1 0) (0 1 1) (0 1 1))
  ((0 0 0) (0 1 1) (0 1 1) (0 0 1)) ((0 0 0) (0 1 0) (0 1 1) (0 1 1))))


